[Donas]
Costo = 15
Inventario = 0.000000

[Yogurt]
Costo = 10
Inventario = 0.000000

[Avena]
Costo = 5
Inventario = 0.000000    

[Pasas]
Costo = 12
Inventario = 0.000000